15338342532
15338342762
15338342999
15338343020
15338343158
15338343414
15338343535
15338343851
15338343877
15338343918
15338343958
15338344615
15338345108
15338345138
15338345227
15338345405
15338345444
15338345771
15338346035
15338346112
15338346369
15338346620
15338346625
15338346690
15338346948
15338346965
15338347220
15338347318
15338347491
15338348307
15338348331
15338348603
15338348794
15338348983
15338349401
15338349758
15338349871
15338350072
15338350169
15338350178
15338350343
15338350571
15338350635
15338351351
15338351425
15338351639
15338351655
15338351700
15338351819
15338351829
15338351912
15338351930
15338352032
15338352268
15338352349
15338352370
15338352485
15338352735
15338352865
15338353195
15338353199
15338353241
15338353347
15338353595
15338353718
15338354236
15338354245
15338354345
15338354398
15338354427
15338354554
15338355077
15338355585
15338355819
15338356329
15338356394
15338356864
15338356960
15338357115
15338357161
15338357257
15338357808
15338358126
15338358162
15338358507
15338359109
15338359189
15338359597
15338359866
15338360098
15338360198
15338360267
15338360273
15338360846
15338360872
15338360975
15338360982
15338361085
15338361175
15338361357
15338361629
15338362707
15338363429
15338363589
15338363709
15338364059
15338364208
15338364465
15338364727
15338364869
15338364909
15338365155
15338365549
15338365649
15338365783
15338366481
15338366505
15338366637
15338366762
15338366895
15338367383
15338367827
15338367862
15338368186
15338368657
15338368853
15338369545
15338369860
15338369870
15338369891
15338370523
15338371229
15338371236
15338371356
15338371580
15338371633
15338371663
15338371700
15338372171
15338372302
15338372783
15338373320
15338373758
15338374463
15338375351
15338375517
15338375919
15338376191
15338376206
15338376624
15338376775
15338376786
15338377137
15338377809
15338378123
15338378320
15338378797
15338378990
15338379053
15338379636
15338380090
15338380097
15338380159
15338380218
15338380229
15338380529
15338381004
15338381102
15338381803
15338382049
15338382157
15338382295
15338382912
15338383059
15338383101
15338383789
15338383892
15338385072
15338385441
15338385489
15338385875
15338386130
15338386185
15338386466
15338386635
15338386742
15338386986
15338387061
15338387110
15338387129
15338387224
15338387487
15338387551
15338387914
15338388012
15338388185
15338388258
15338388336
15338388620
15338388841
15338388868
15338388885
15338388968
15338388993
15338389282
15338389630
15338389701
15338389761
15338389909
15338390118
15338390436
15338390603
15338390716
15338390762
15338390949
15338391489
15338391662
15338391922
15338392151
15338392173
15338392276
15338392580
15338392586
15338392809
15338392979
15338393305
15338393900
15338394218
15338394572
15338395051
15338395138
15338395519
15338395850
15338396382
15338396475
15338396515
15338396581
15338396630
15338396673
15338397115
15338397435
15338397821
15338397861
15338397916
15338398087
15338398093
15338398600
15338398997
15338399119
15338399355
15338399619
15338400045
15338400297
15338400652
15338400933
15338401179
15338401530
15338402331
15338402465
15338402478
15338402499
15338402583
15338402618
15338403215
15338403217
15338403232
15338403367
15338404089
15338404091
15338404221
15338405060
15338405284
15338405313
15338405497
15338405801
15338405840
15338405964
15338406130
15338406337
15338406606
15338406956
15338407307
15338407572
15338407599
15338408138
15338408625
15338408658
15338408941
15338409589
15338409633
15338409732
15338409906
15338410021
15338410238
15338410462
15338410748
15338410826
15338410959
15338411080
15338411807
15338411907
15338411980
15338412037
15338412321
15338412628
15338413056
15338413081
15338413262
15338413584
15338413602
15338413737
15338414053
15338414582
15338414636
15338414638
15338415161
15338415211
15338415727
15338415760
15338415900
15338415951
15338416086
15338416321
15338417547
15338418998
15338419286
15338419761
15338420295
15338420715
15338420755
15338420859
15338420879
15338421156
15338421312
15338421320
15338421327
15338421622
15338421736
15338421846
15338422207
15338422280
15338422660
15338422825
15338422903
15338422962
15338423775
15338423781
15338423846
15338423881
15338423882
15338424012
15338424015
15338424083
15338424402
15338424607
15338424710
15338424759
15338425163
15338425228
15338425872
15338425883
15338425916
15338426118
15338426537
15338426688
15338426846
15338427012
15338427512
15338427758
15338427941
15338428562
15338428673
15338428720
15338428939
15338428973
15338429292
15338429613
15338429978
15338430852
15338430903
15338430928
15338431203
15338431617
15338432282
15338432426
15338432555
15338432698
15338433007
15338433330
15338433389
15338433480
15338433633
15338433928
15338434418
15338434862
15338434933
15338435248
15338435416
15338436844
15338436849
15338436970
15338436980
15338437412
15338437638
15338437775
15338438127
15338438482
15338438991
15338439625
15338439851
15338439897
15338440255
15338440393
15338440557
15338440942
15338441611
15338442810
15338442972
15338443156
15338443797
15338443888
15338443990
15338445366
15338445813
15338445948
15338445977
15338446435
15338446868
15338446929
15338447519
15338447806
15338447899
15338448116
15338448420
15338448450
15338448993
15338449599
15338450395
15338450526
15338450936
15338451153
15338451264
15338451714
15338451989
15338452677
15338452686
15338452972
15338455655
15338456579
15338456690
15338456697
15338456750
15338457659
15338459087
15338459250
15338460121
15338460335
15338460429
15338461446
15338461833
15338462651
15338463059
15338463064
15338466068
15338468434
15338468783
15338468922
15338469069
15338471232
15338471317
15338471748
15338472869
15338473521
15338474362
15338474956
15338476001
15338476630
15338476718
15338477533
15338478207
15338480181
15338480215
15338480472
15338480896
15338480911
15338481545
15338483563
15338483639
15338484146
15338485022
15338485162
15338485333
15338485412
15338485697
15338485748
15338486169
15338486318
15338486792
15338486856
15338487117
15338488046
15338488289
15338488765
15338488776
15338489051
15338489219
15338489850
15338489890
15338490168
15338490907
15338492911
15338493150
15338493290
15338493418
15338494242
15338495448
15338495649
15338496882
15338496915
15338497087
15338498386
15338499328
15338499383
15338499531
15338700890
15338701033
15338702119
15338702180
15338702814
15338703372
15338703902
15338705139
15338705287
15338705297
15338706189
15338706362
15338706533
15338707492
15338708482
15338709690
15338709783
15338710175
15338710344
15338710579
15338710790
15338711009
15338711510
15338711916
15338712010
15338712831
15338713051
15338713490
15338713538
15338713541
15338714163
15338714705
15338714978
15338715657
15338717190
15338717296
15338717651
15338717931
15338718198
15338719306
15338719389
15338719572
15338719727
15338721289
15338721676
15338721950
15338722070
15338722300
15338722675
15338722786
15338723016
15338723480
15338724141
15338724580
15338724697
15338724865
15338725037
15338725076
15338725237
15338726237
15338726259
15338726321
15338726512
15338726542
15338727101
15338727585
15338727870
15338728039
15338728102
15338728429
15338728706
15338729327
15338729426
15338729703
15338730256
15338730569
15338730702
15338731319
15338731461
15338731890
15338732305
15338732992
15338733190
15338734655
15338736561
15338737186
15338737316
15338737777
15338738305
15338738691
15338739097
15338739107
15338739291
15338739505
15338739738
15338740286
15338740839
15338741016
15338741582
15338742103
15338742111
15338742352
15338742865
15338743656
15338743771
15338743839
15338744443
15338745700
15338748565
15338748656
15338748719
15338749189
15338750572
15338750653
15338751170
15338751650
15338751782
15338751847
15338751917
15338753387
15338754061
15338754113
15338754402
15338755022
15338755056
15338755294
15338755460
15338755937
15338756115
15338756250
15338757063
15338757332
15338758284
15338758617
15338758803
15338759347
15338759567
15338759653
15338760533
15338760937
15338761797
15338761926
15338762119
15338762630
15338762793
15338763667
15338763729
15338764395
15338764659
15338765604
15338765651
15338765807
15338765973
15338766695
15338766731
15338766936
15338767021
15338767299
15338767328
15338767381
15338767504
15338768126
15338768207
15338768716
15338768805
15338768893
15338769017
15338769850
15338771209
15338771789
15338771902
15338772193
15338772194
15338772302
15338772711
15338772802
15338773064
15338773164
15338773931
15338774362
15338774837
15338774993
15338774998
15338775301
15338775889
15338775913
15338776169
15338776479
15338776657
15338777165
15338777398
15338777569
15338777680
15338777823
15338778013
15338778089
15338778151
15338778189
15338778731
15338778931
15338779257
15338779367
15338782860
15338783639
15338784739
15338784746
15338785893
15338786685
15338787090
15338787216
15338787240
15338787467
15338787697
15338787825
15338787853
15338788209
15338788529
15338788779
15338789809
15338790070
15338790179
15338790360
15338790717
15338790721
15338790737
15338792180
15338792183
15338792676
15338792829
15338793037
15338793271
15338793526
15338793837
15338793965
15338794255
15338794300
15338794856
15338795136
15338795662
15338795835
15338796668
15338796689
15338796716
15338796741
15338797867
15338797937
15338798235
15338798260
15338798412
15338798455
15338798869
15338799078
15338799345
15338799637
15338799768
15338800087
15338800092
15338800198
15338800469
15338800856
15338801689
15338801851
15338802629
15338803260
15338803473
15338803632
15338803679
15338805093
15338805586
15338805814
15338805969
15338806389
15338806784
15338807683
15338807794
15338808163
15338808535
15338808671
15338809513
15338810182
15338810331
15338810551
15338810639
15338810897
15338811015
15338812944
15338813315
15338813360
15338813529
15338813583
15338813675
15338813796
15338813830
15338814181
15338814563
15338815673
15338816086
15338816291
15338816970
15338817176
15338818515
15338819072
15338819262
15338820183
15338820932
15338820995
15338821196
15338821666
15338822298
15338822716
15338822989
15338823142
15338823567
15338823581
15338823626
15338823893
15338823922
15338824131
15338824181
15338824346
15338825516
15338825636
15338826225
15338826302
15338826359
15338826375
15338826429
15338827442
15338827662
15338827695
15338827707
15338827952
15338828213
15338828273
15338828323
15338828626
15338828977
15338829822
15338834903
15338836584
15338837289
15338838251
15338838277
15338838316
15338840290
15338840979
15338841323
15338843202
15338843618
15338844196
15338844236
15338844290
15338844926
15338845644
15338845852
15338846032
15338846695
15338846746
15338848199
15338848393
15338848503
15338848652
15338848675
15338848766
15338848921
15338850078
15338850582
15338850735
15338850816
15338850865
15338850981
15338850992
15338851229
15338851550
15338852010
15338852106
15338852259
15338852627
15338852775
15338853304
15338853680
15338854525
15338855051
15338855816
15338855891
15338855903
15338856231
15338856400
15338857036
15338858340
15338858421
15338858798
15338858863
15338859772
15338860133
15338860258
15338860301
15338860669
15338860725
15338861449
15338861640
15338861682
15338861713
15338862506
15338862720
15338862948
15338863097
15338863265
15338863282
15338863290
15338863527
15338863893
15338863997
15338864150
15338864543
15338864660
15338864920
15338865155
15338865265
15338865406
15338865560
15338866191
15338866963
15338867035
15338867037
15338867387
15338867506
15338867586
15338868070
15338868897
15338868961
15338868963
15338869940
15338870056
15338870281
15338870686
15338871706
15338871713
15338871983
15338872016
15338872017
15338872176
15338872286
15338872586
15338872779
15338873078
15338873936
15338874295
15338874326
15338874608
15338874809
15338874856
15338874862
15338874952
15338875030
15338875163
15338875759
15338876049
15338876139
15338877515
15338877623
15338877636
15338877847
15338878171
15338879102
15338879337
15338879535
15338879857
15338879961
15338879975
15338880297
15338881067
15338881581
15338881929
15338882030
15338882080
15338882461
15338882531
15338882945
15338883036
15338883790
15338883973
15338884991
15338885785
15338886007
15338886414
15338886489
15338886910
15338886981
15338887155
15338887170
15338887726
15338887818
15338888566
15338889343
15338889450
15338889477
15338889573
15338889635
15338889782
15338890833
15338891212
15338891373
15338891430
15338891519
15338891705
15338892186
15338892596
15338892991
15338893985
15338894076
15338894579
15338894586
15338895280
15338895639
15338895749
15338895851
15338896685
15338896845
15338897146
15338898369
15338899912
15338899921
15347400236
15347400662
15347401043
15347401367
15347401918
15347401990
15347403056
15347403101
15347405196
15347406051
15347406578
15347407454
15347408361
15347408748
15347411789
15347411812
15347412080
15347413185
15347413701
15347416193
15347417224
15347418026
15347418810
15347419424
15347421320
15347421426
15347421494
15347421662
15347421961
15347422393
15347422597
15347423022
15347423271
15347423725
15347423912
15347426202
15347426670
15347426713
15347426995
15347427223
15347427320
15347427868
15347428970
15347429093
15347429547
15347431189
15347431465
15347431995
15347432012
15347432890
15347433374
15347435821
15347436229
15347436327
15347436929
15347437027
15347437255
15347437630
15347438114
15347438363
15347438619
15347439308
15347439878
15347440380
15347440428
15347442845
15347447708
15347448057
15347448333
15347448420
15347450461
15347450660
15347450871
15347451467
15347451604
15347451667
15347451676
15347451689
15347453350
15347453375
15347453452
15347453489
15347453667
15347453985
15347454018
15347454168
15347454293
15347454523
15347455093
15347455688
15347456488
15347456938
15347457157
15347457255
15347457358
15347457404
15347457720
15347458358
15347458544
15347458581
15347458897
15347458943
15347458980
15347459058
15347459296
15347460116
15347460133
15347460537
15347461808
15347461892
15347462462
15347462465
15347462733
15347462866
15347463178
15347463233
15347463378
15347463795
15347464848
15347465477
15347465626
15347466126
15347466135
15347466315
15347466386
15347466506
15347466756
15347466793
15347467810
15347467962
15347468289
15347468303
15347468367
15347468478
15347469306
15347469592
15347469943
15347470089
15347470719
15347470808
15347471732
15347471892
15347472106
15347472108
15347472145
15347472406
15347472488
15347472519
15347472684
15347472718
15347472887
15347473300
15347473812
15347474167
15347474253
15347475102
15347475204
15347475403
15347476525
15347476687
15347476732
15347476976
15347477253
15347477463
15347478282
15347478335
15347478667
15347478715
15347478884
15347479311
15347480041
15347481137
15347481736
15347482983
15347483320
15347483324
15347483900
15347484140
15347484388
15347484687
15347485811
15347485820
15347485944
15347486281
15347486426
15347486937
15347490039
15347490814
15347491008
15347491392
15347492456
15347492710
15347493770
15347493879
15347495981
15347496125
15347496589
15347496848
15347497284
15347497391
15347498289
15347500232
15347500239
15347500748
15347500762
15347500860
15347500881
15347500900
15347501283
15347501560
15347501644
15347501802
15347502106
15347502310
15347502353
15347502397
15347502622
15347502636
15347502952
15347503199
15347503385
15347503449
15347503568
15347503628
15347504075
15347504173
15347504261
15347504402
15347504415
15347504569
15347505308
15347505802
15347505849
15347506102
15347506345
15347506552
15347507457
15347507946
15347508312
15347508339
15347508459
15347508553
15347509298
15347509471
15347509951
15347510130
15347510886
15347511065
15347511178
15347511800
15347511836
15347511889
15347512366
15347512388
15347512591
15347512985
15347513036
15347513180
15347513780
15347513831
15347513873
15347514282
15347514362
15347514466
15347514486
15347515548
15347515812
15347516419
15347516538
15347516783
15347516860
15347517305
15347517501
15347517639
15347517729
15347517881
15347518135
15347518365
15347518392
15347518589
15347519096
15347519238
15347519339
15347519959
15347520020
15347520039
15347520041
15347520083
15347520116
15347520130
15347520175
15347520181
15347520218
15347520242
15347520269
15347520374
15347520439
15347520507
15347520564
15347520600
15347520611
15347520634
15347520658
15347520673
15347520815
15347520816
15347520831
15347520848
15347520858
15347520912
15347520983
15347521018
15347521072
15347521082
15347521196
15347521206
15347521225
15347521268
15347521372
15347521428
15347521552
15347521585
15347521612
15347521629
15347521789
15347521970
15347522034
15347522202
15347522261
15347522326
15347522537
15347522645
15347522816
15347522840
15347522855
15347523003
15347523346
15347523368
15347523660
15347523900
15347523986
15347524395
15347524472
15347524562
15347524683
15347524945
15347525051
15347525165
15347525339
15347525756
15347525783
15347526036
15347526321
15347526403
15347526469
15347526582
15347526939
15347527262
15347527747
15347528063
15347528156
15347528337
15347528889
15347528917
15347528945
15347528969
15347529026
15347529070
15347529830
15347530528
15347530648
15347530652
15347530851
15347530949
15347531799
15347531965
15347531968
15347531982
15347532083
15347532355
15347532387
15347532390
15347532410
15347532463
15347532499
15347532558
15347532567
15347532572
15347532595
15347532601
15347532622
15347532623
15347532694
15347532699
15347532711
15347532718
15347532737
15347532750
15347532778
15347532802
15347532875
15347532911
15347532918
15347532956
15347533019
15347533046
15347533144
15347533172
15347533238
15347533451
15347533472
15347533476
15347533505
15347533529
15347533550
15347533579
15347533618
15347533722
15347533776
15347533801
15347533809
15347533829
15347533841
15347533890
15347533990
15347534006
15347534021
15347534063
15347534155
15347534179
15347534204
15347534217
15347534282
15347534353
15347534406
15347534453
15347534538
15347534776
15347534980
15347534999
15347535217
15347535520
15347535542
15347535746
15347535942
15347536030
15347536036
15347536049
15347536141
15347536286
15347536412
15347536429
15347536576
15347536682
15347536840
15347536874
15347536971
15347537162
15347537296
15347537360
15347537757
15347537785
15347537817
15347537872
15347537955
15347537967
15347537993
15347538112
15347538121
15347538170
15347538172
15347538230
15347538616
15347538697
15347539026
15347539030
15347539213
15347539237
15347539268
15347539311
15347539353
15347539413
15347539468
15347539767
15347539897
15347539957
15347540440
15347541036
15347541309
15347541526
15347541598
15347542323
15347542953
15347543389
15347544029
15347544770
15347544839
15347544932
15347545173
15347545462
15347545602
15347546039
15347546158
15347546239
15347546463
15347546986
15347547319
15347547489
15347547528
15347547641
15347547671
15347547817
15347548042
15347548127
15347548132
15347548139
15347548372
15347548490
15347548570
15347550521
15347551027
15347551141
15347551151
15347552825
15347553282
15347553619
15347553628
15347553787
15347554635
15347555570
15347555707
15347555967
15347556650
15347556755
15347557217
15347557888
15347558195
15347558345
15347558395
15347558493
15347558596
15347558892
15347560985
15347561379
15347562163
15347562495
15347564897
15347565770
15347566161
15347566363
15347566831
15347567166
15347567645
15347567710
15347568645
15347568989
15347569762
15347570355
15347572255
15347572518
15347572667
15347573079
15347574355
15347574986
15347575385
15347576256
15347576516
15347576623
15347576767
15347577179
15347577527
15347578916
15347580073
15347580941
15347581721
15347581941
15347582633
15347582823
15347583234
15347585690
15347586295
15347587317
15347587802
15347587873
15347587917
15347588477
15347589934
15347591002
15347592908
15347594393
15347594928
15347595073
15347595267
15347595327
15347595982
15347596155
15347596389
15347596567
15347596927
15347596998
15347597456
15347598173
15347598249
15347598546
15347598782
15347598805
15347599161
15347599373
15347599413
15347602042
15347602190
15347602735
15347602738
15347605400
15347606076
15347606251
15347609121
15347609269
15347609292
15347610338
15347611582
15347611866
15347611893
15347611955
15347613656
15347614792
15347615508
15347615510
15347618229
15347618352
15347619953
15347620022
15347620208
15347621001
15347621191
15347622648
15347622655
15347624089
15347624160
15347624833
15347624963
15347625166
15347625652
15347625816
15347626303
15347626929
15347627136
15347627923
15347628066
15347628206
15347628281
15347628309
15347628685
15347628975
15347629058
15347630162
15347630252
15347630571
15347630767
15347630873
15347630897
15347632823
15347632926
15347632958
15347633318
15347633658
15347633675
15347633866
15347633911
15347635122
15347635163
15347635880
15347636389
15347636428
15347636653
15347636772
15347637478
15347637876
15347638558
15347638746
15347639679
15347639800
15347640636
15347640673
15347640760
15347641090
15347641399
15347641897
15347642030
15347642212
15347642602
15347643065
15347643216
15347644462
15347644702
15347645159
15347645162
15347645276
15347646165
15347648656
15347648889
15347649179
15347649220
15347650351
15347651630
15347651823
15347652124
15347652444
15347652597
15347653555
15347655355
15347656031
15347656550
15347656755
15347657959
15347658780
15347658792
15347659007
15347659960
15347660363
15347660946
15347661694
15347662536
15347663809
15347665518
15347666854
15347667482
15347667612
15347673370
15347675509
15347675950
15347676988
15347677115
15347677928
15347678073
15347679037
15347679150
15347680393
15347680687
15347681126
15347681332
15347682766
15347683098
15347683312
15347685085
15347685435
15347685586
15347685926
15347686425
15347686719
15347689803
15347689840
15347690226
15347690677
15347691887
15347692778
15347697130
15347697606
15347698068
15360000117
15360001173
15360001266
15360001278
15360001641
15360001890
15360001963
15360002872
15360003530
15360003553
15360003561
15360003624
15360004498
15360005788
15360006753
15360006815
15360006816
15360007182
15360008801
15360008914
15360008943
15360009128
15360009223
15360009313
15360009427
15360009746
15360009757
15360009853
15360010264
15360010285
15360010811
15360011073
15360011230
15360011357
15360011510
15360011812
15360011936
15360012114
15360012789
15360013359
15360015038
15360015129
15360015905
15360016047
15360016786
15360016793
15360017001
15360017272
15360017675
15360018094
15360018163
15360018166
15360018291
15360018620
15360018706
15360019312
15360019570
15360019669
15360019967
15360020042
15360020542
15360020688
15360021069
15360021395
15360021568
15360021585
15360021670
15360022325
15360022326
15360022472
15360022483
15360022730
15360022752
15360023223
15360023408
15360023665
15360023692
15360023782
15360023915
15360024298
15360024978
15360025116
15360025170
15360025228
15360025260
15360025271
15360025589
15360025699
15360026100
15360026292
15360026367
15360026816
15360027068
15360027420
15360027509
15360027880
15360028673
15360028835
15360028896
15360029340
15360029877
15360029937
15360030205
15360030210
15360030221
15360030237
15360030657
15360031919
15360032202
15360032225
15360032482
15360032691
15360032719
15360033036
15360033520
15360034059
15360034189
15360034383
15360034601
15360034651
15360034849
15360035162
15360036231
15360036259
15360036329
15360036399
15360037264
15360037702
15360037741
15360037900
15360038229
15360038589
15360038758
15360039063
15360039100
15360039291
15360039472
15360039713
15360039948
15360040413
15360040667
15360040718
15360041113
15360042400
15360042639
15360042991
15360043453
15360044012
15360045111
15360045310
15360045803
15360046085
15360046289
15360046665
15360046852
15360046998
15360047087
15360048243
15360048996
15360049622
15360049645
15360049699
15360050169
15360050297
15360050757
15360050819
15360051118
15360051283
15360052042
15360052082
15360052892
15360053257
15360053635
15360053766
15360054882
15360055328
15360055751
15360055838
15360056005
15360056041
15360056387
15360056661
15360056732
15360056738
15360056912
15360057188
15360058198
15360058310
15360058813
15360059096
15360059198
15360059831
15360060010
15360060074
15360060482
15360060705
15360060733
15360060819
15360061038
15360061248
15360061277
15360061539
15360061555
15360061651
15360061671
15360061698
15360062219
15360062994
15360063032
15360063280
15360063408
15360063467
15360064023
15360064258
15360064807
15360064943
15360065062
15360065170
15360065176
15360065201
15360065436
15360065440
15360065536
15360065808
15360065815
15360065963
15360066568
15360066737
15360066796
15360066991
15360067195
15360067214
15360067236
15360067595
15360067678
15360068377
15360068559
15360068743
15360068967
15360069253
15360069481
15360069720
15360070052
15360070184
15360070296
15360070378
15360070967
15360071210
15360071452
15360072086
15360072669
15360072703
15360072859
15360072951
15360073334
15360073632
15360073840
15360073948
15360073981
15360074790
15360075045
15360075427
15360075681
15360076183
15360076303
15360076306
15360076369
15360076481
15360076587
15360076799
15360076915
15360076921
15360077050
15360077518
15360077615
15360078078
15360078141
15360078288
15360078301
15360078420
15360078544
15360079162
15360079348
15360079362
15360080429
15360080495
15360080560
15360080585
15360080967
15360081399
15360081658
15360081828
15360081858
15360082064
15360082156
15360082185
15360082195
15360082307
15360082310
15360083585
15360083931
15360083973
15360084279
15360084417
15360084508
15360084618
15360084662
15360085423
15360085886
15360085944
15360086020
15360086255
15360086482
15360086652
15360087056
15360087282
15360087763
15360088193
15360088229
15360088550
15360089527
15360089772
15360089979
15360090160
15360091093
15360091539
15360091694
15360091953
15360092374
15360092689
15360092756
15360092959
15360093036
15360093169
15360093369
15360093510
15360093748
15360094061
15360094316
15360094539
15360095067
15360095174
15360095187
15360095290
15360095381
15360095891
15360096221
15360096458
15360096774
15360096801
15360096968
15360097090
15360097207
15360097439
15360097599
15360097801
15360098513
15360099052
15360099383
15360099442
15360099553
15360099838
15360099870
15360100006
15360100582
15360100813
15360101052
15360101080
15360101131
15360101288
15360101476
15360101962
15360102133
15360102152
15360102406
15360102981
15360103023
15360103054
15360103391
15360103441
15360103656
15360103818
15360103840
15360103860
15360104049
15360104134
15360104192
15360104277
15360104687
15360104864
15360105013
15360105162
15360105508
15360105536
15360106079
15360106091
15360106093
15360106125
15360106130
15360106689
15360106758
15360106910
15360107523
15360107565
15360107706
15360107739
15360107976
15360108133
15360108285
15360109877
15360109960
15360110028
15360110477
15360110613
15360110625
15360110648
15360110778
15360111635
15360111991
15360112127
15360112319
15360112360
15360112439
15360112508
15360112545
15360112626
15360112676
15360112742
15360112782
15360113417
15360113481
15360113535
15360113688
15360114020
15360114316
15360114896
15360114958
15360115038
15360115641
15360115685
15360115819
15360115878
15360116061
15360116083
15360116223
15360116658
15360116711
15360116765
15360117317
15360117559
15360117617
15360117719
15360117826
15360117988
15360118524
15360119568
15360119721
15360119857
15360120481
15360120661
15360120710
15360120857
15360121163
15360121243
15360121318
15360121619
15360121662
15360122051
15360122128
15360122503
15360122901
15360123215
15360123230
15360123233
15360123351
15360123369
15360123989
15360124141
15360124243
15360124246
15360125148
15360125536
15360125852
15360125875
15360125915
15360126022
15360126185
15360126618
15360126799
15360127023
15360127029
15360127098
15360127155
15360127378
15360127600
15360127831
15360127973
15360128190
15360128266
15360128768
15360128940
15360129038
15360129359
15360129661
15360130791
15360131041
15360131095
15360131139
15360131248
15360131301
15360131527
15360131621
15360131646
15360131688
15360132374
15360132510
15360133009
15360133134
15360133258
15360133589
15360133698
15360133906
15360134335
15360134711
15360134839
15360135175
15360135280
15360135290
15360135550
15360135892
15360136059
15360136085
15360136316
15360136573
15360136907
15360136916
15360136937
15360136943
15360137127
15360137309
15360137390
15360137548
15360137747
15360137985
15360138142
15360138256
15360138329
15360138386
15360138680
15360138860
15360138891
15360138924
15360139029
15360139159
15360139391
15360139610
15360139747
15360139772
15360140227
15360140624
15360140751
15360140824
15360141292
15360141337
15360141353
15360141705
15360141717
15360141798
15360141858
15360142669
15360144401
15360144415
15360144590
15360145048
15360145561
15360146612
15360147326
15360147372
15360147750
15360147841
15360147908
15360148081
15360148155
15360148313
15360148362
15360149075
15360149745
15360149929
15360150013
15360150038
15360150511
15360150826
15360150944
15360150969
15360151312
15360151479
15360151533
15360151566
15360151685
15360151686
15360151708
15360151774
15360152020
15360152250
15360152551
15360152980
15360153110
15360153185
15360153246
15360153632
15360153730
15360154096
15360154430
15360154538
15360154678
15360154680
15360154785
15360154856
15360154963
15360154969
15360154973
15360154995
15360155058
15360155244
15360155537
15360155571
15360155642
15360155871
15360156156
15360156166
15360156542
15360156869
15360156894
15360157323
15360157335
15360157472
15360157861
15360158009
15360158461
15360158558
15360158801
15360159140
15360159504
15360159613
15360159981
15360160224
15360160241
15360160620
15360160708
15360160919
15360161050
15360161131
15360161135
15360161151
15360161306
15360161873
15360162588
15360162667
15360163105
15360163295
15360163606
15360163824
15360163854
15360164192
15360164663
15360164810
15360164943
15360164969
15360165301
15360166006
15360166416
15360166847
15360166877
15360166950
15360166997
15360167032
15360167174
15360167636
15360167928
15360168169
15360168186
15360168443
15360168918
15360168938
15360169071
15360169106
15360169413
15360169648
15360169971
15360170635
15360170789
15360170878
15360170995
15360171293
15360171507
15360171685
15360171687
15360171711
15360171801
15360172058
15360172090
15360172331
15360172518
15360172563
15360172635
15360172669
15360172723
15360172825
15360172853
15360173138
15360173208
15360173400
15360173556
15360173601
15360173610
15360173674
15360173788
15360174061
15360174113
15360174323
15360174886
15360174967
15360175666
15360176064
15360176203
15360176491
15360176606
15360176675
15360176877
15360177140
15360177213
15360177819
15360177854
15360177929
15360178230
15360178269
15360178794
15360179180
15360179406
15360179744
15360180230
15360180278
15360180855
15360180961
15360181033
15360181046
15360181087
15360181268
15360181849
15360182012
15360182070
15360182373
15360182386
15360182821
15360183203
15360183271
15360183368
15360183473
15360183586
15360183738
15360183850
15360183886
15360184408
15360184670
15360184807
15360184965
15360185108
15360185178
15360185657
15360185876
15360186341
15360186354
15360186625
15360186874
15360186922
15360186935
15360186962
15360186970
15360187225
15360187327
15360187421
15360187524
15360187768
15360188064
15360188623
15360188661
15360188727
15360188750
15360188944
15360189783
15360189986
15360190628
15360191026
15360191473
15360191498
15360191672
15360191751
15360191868
15360191936
15360192428
15360192492
15360192583
15360192613
15360192621
15360192837
15360192917
15360192959
15360193359
15360193544
15360193735
15360193831
15360193867
15360194085
15360194184
15360194219
15360194501
15360194882
15360194976
15360194984
15360195345
15360195349
15360195389
15360195649
15360195825
15360195883
15360196180
15360196301
15360196308
15360196629
15360196977
15360197339
15360197873
15360198096
15360198232
15360198250
15360198478
15360198570
15360198578
15360198636
15360199052
15360199145
15360199167
15360199727
15360199859
15360199891
15360200175
15360200177
15360200195
15360200319
15360200855
15360201252
15360201455
15360201548
15360201632
15360201707
15360201716
15360201913
15360201988
15360202031
15360202205
15360202333
15360202661
15360203021
15360203063
15360203351
15360203422
15360203499
15360204289
15360204375
15360204559
15360204698
15360204862
15360204876
15360205123
15360205333
15360205885
15360207077
15360207133
15360208025
15360208829
15360209268
15360209458
15360209552
15360210315
15360210518
15360210912
15360211165
15360211463
15360211565
15360211568
15360211672
15360211779
15360211871
15360211903
15360212003
15360212308
15360212672
15360212733
15360213659
15360213895
15360214422
15360214508
15360214633
15360215507
15360215920
15360215946
15360216636
15360217261
15360217303
15360218580
15360218808
15360218855
15360219006
15360219136
15360219332
15360220048
15360220331
15360220345
15360220812
15360221313
15360221629
15360221798
15360222666
15360222780
15360222901
15360222930
15360222936
15360223768
15360224126
15360225829
15360226094
15360227080
15360227802
15360229315
15360229975
15360232190
15360232555
15360234588
15360235739
15360235979
15360236188
15360236509
15360236630
15360237313
15360237648
15360238426
15360240462
15360241698
15360244136
15360244999
15360245005
15360245363
15360245772
15360246705
15360247859
15360248389
15360248936
15360249030
15360249033
15360249628
15360249880
15360250283
15360250999
15360251508
15360251559
15360251721
15360251839
15360252249
15360252313
15360252435
15360252877
15360253009
15360253179
15360253279
15360254026
15360254329
15360254516
15360255139
15360255149
15360255211
15360255502
15360256062
15360256247
15360256569
15360256793
15360257482
15360258525
15360258800
15360259072
15360259302
15360259309
15360259606
15360259688
15360259818
15360259908
15360259969
15360261331
15360261368
15360261579
15360261726
15360261729
15360262155
15360262202
15360262613
15360262716
15360263384
15360263573
15360263800
15360264345
15360264800
15360264906
15360265038
15360265367
15360265385
15360265778
15360266178
15360267013
15360267141
15360267489
15360267661
15360269018
15360269155
15360269363
15360269849
15360270312
15360271082
15360271752
15360272287
15360272790
15360272802
15360272893
15360273317
15360273556
15360273793
15360275652
15360275687
15360276135
15360277092
15360277121
15360277128
15360278312
15360278470
15360278540
15360280019
15360280425
15360280496
15360280685
15360281258
15360281386
15360282361
15360282482
15360282600
15360282798
15360283468
15360284068
15360287021
15360287222
15360287487
15360290606
15360291876
15360292768
15360293307
15360293595
15360293686
15360293926
15360294096
15360294257
15360294309
15360294484
15360294882
15360294906
15360295138
15360295277
15360296110
15360296328
15360296636
15360296876
15360297268
15360297865
15360298113
15360300271
15360300842
15360301020
15360301439
15360301921
15360304098
15360305289
15360305301
15360306435
15360307140
15360307632
15360308159
15360309410
15360309436
15360309476
15360309693
15360310186
15360310314
15360310582
15360310707
15360310715
15360310752
15360311429
15360312166
15360312195
15360312198
15360312498
15360312971
15360313592
15360315212
15360315365
15360315823
15360316192
15360316617
15360316655
15360316978
15360317333
15360317533
15360318138
15360318258
15360318333
15360318660
15360319831
15360319893
15360319899
15360320387
15360320509
15360320558
15360320622
15360320809
15360320885
15360321177
15360321198
15360321209
15360321529
15360321645
15360321695
15360321877
15360322412
15360322736
15360322879
15360322944
15360323270
15360323371
15360323488
15360323742
15360323841
15360324022
15360324026
15360324055
15360324215
15360324399
15360324891
15360324983
15360325002
15360325135
15360325569
15360325776
15360325849
15360325863
15360325970
15360326262
15360326268
15360326613
15360326663
15360326709
15360327523
15360327814
15360328268
15360328447
15360328686
15360328772
15360329561
15360329577
15360330209
15360330418
15360330641
15360330810
15360331019
15360331186
15360331990
15360331999
15360332113
15360332186
15360332480
15360333386
15360333476
15360334087
15360334158
15360334492
15360334496
15360334692
15360334729
15360334763
15360335041
15360335242
15360336129
15360336232
15360336302
15360337049
15360337191
15360337499
15360337817
15360337918
15360338555
15360338823
15360338934
15360339037
15360339060
15360339233
15360340948
15360341344
15360341539
15360343195
15360343392
15360343450
15360343472
15360345150
15360346046
15360346262
15360346470
15360346499
15360348918
15360349385
15360349612
15360349833
15360349915
15360350455
15360351606
15360351698
15360351932
15360352212
15360353672
15360353867
15360354070
15360356370
15360357180
15360357238
15360357490
15360357653
15360359068
15360359730
15360360082
15360360131
15360360149
15360360203
15360360337
15360360395
15360360593
15360360861
15360360907
15360360933
15360361256
15360361286
15360361397
15360361760
15360361840
15360362009
15360362303
15360362433
15360362588
15360362789
15360362846
15360363397
15360363739
15360363886
15360363905
15360364008
15360364567
15360364665
15360366026
15360366473
15360367202
15360367586
15360368021
15360368194
15360368643
15360368725
15360368730
15360368781
15360368873
15360369300
15360370526
15360372706
15360372758
15360372830
15360372930
15360373036
15360373186
15360373848
15360374138
15360374637
15360375390
15360375799
15360378308
15360378773
15360381045
15360381371
15360381426
15360381485
15360381636
15360381708
15360381957
15360381975
15360382062
15360382068
15360382463
15360382503
15360382685
15360383043
15360383498
15360383597
15360384390
15360384451
15360384821
15360386026
15360387025
15360387148
15360387380
15360387768
15360387921
15360388119
15360389710
15360390031
15360390215
15360390265
15360390461
15360390496
15360390685
15360390728
15360390792
15360390871
15360390891
15360390907
15360392049
15360392050
15360392592
15360393016
15360393466
15360393518
15360394160
15360394163
15360394212
15360394567
15360394738
15360394782
15360395014
15360395121
15360395158
15360395311
15360396411
15360397290
15360397952
15360398065
15360398066
15360398159
15360398257
15360398312
15360398330
15360398340
15360398626
15360398772
15360398856
15360398952
15360399033
15360399332
15360399507
15360399626
15360399770
15360399857
15360399860
15360400592
15360402119
15360402272
15360403106
15360403203
15360403912
15360403934
15360403998
15360404326
15360404948
15360405030
15360405296
15360405716
15360405818
15360406287
15360407260
15360407312
15360408170
15360408340
15360408791
15360408908
15360409003
15360409813
15360409894
15360410689
15360410797
15360411292
15360412298
15360412372
15360412556
15360412925
15360413228
15360413779
15360413937
15360414413
15360415797
15360416308
15360416856
15360416995
15360417106
15360417531
15360419355
15360421681
15360423780
15360425794
15360426505
15360426528
15360427038
15360427708
15360427765
15360428569
15360428739
15360429571
15360430421
15360431437
15360431923
15360432015
15360432418
15360432675
15360432820
15360433089
15360433173
15360433213
15360433229
15360433517
15360434000
15360435091
15360435235
15360435384
15360435412
15360435952
15360436076
15360436112
15360436248
15360436379
15360436959
15360437080
15360437181
15360438045
15360438288
15360438415
15360439186
15360439650
15360440091
15360440358
15360440818
15360440913
15360441013
15360441046
15360442152
15360442408
15360443378
15360443582
15360443736
15360443823
15360443905
15360445288
15360446400
15360447220
15360447636
15360447637
15360447969
15360447992
15360448272
15360449257
15360449338
15360450343
15360450569
15360451231
15360451503
15360451872
15360452281
15360452290
15360452988
15360454478
15360455271
15360456512
15360456925
15360457357
15360458430
15360458797
15360459503
15360459794
15360459801
15360460219
15360460608
15360461670
15360461987
15360462002
15360462108
15360462981
15360463713
15360464029
15360464667
15360464936
15360465010
15360465097
15360465296
15360465373
15360465855
15360465992
15360466077
15360466298
15360466946
15360467079
15360467101
15360467431
15360467789
15360468021
15360469315
15360469378
15360469400
15360469653
15360469989
15360471777
15360471888
15360474355
15360475095
15360475683
15360476936
15360477120
15360477174
15360477284
15360477791
15360478379
15360479796
15360480108
15360480307
15360481695
15360481768
15360482892
15360483004
15360483572
15360484801
15360485093
15360485535
15360485699
15360485817
15360485853
15360486932
15360487523
15360487563
15360488296
15360488844
15360489417
15360490013
15360490073
15360490125
15360490388
15360490523
15360492711
15360493100
15360493178
15360493431
15360495023
15360495161
15360495193
15360495549
15360495591
15360495876
15360496010
15360496047
15360496122
15360496883
15360497225
15360497352
15360498209
15360498419
15360498666
15360498861
15360499018
15360499105
15360499629
15360500903
15360501242
15360501428
15360501838
15360501956
15360502206
15360502510
15360502643
15360502716
15360503050
15360503660
15360504113
15360504436
15360504521
15360505213
15360505263
15360505567
15360505735
15360505897
15360506151
15360506226
15360506591
15360507232
15360507887
15360508562
15360508605
15360508609
15360508741
15360509159
15360509383
15360510182
15360510369
15360511170
15360511330
15360511387
15360511485
15360512190
15360512838
15360513018
15360513268
15360513290
15360513379
15360513595
15360513655
15360513785
15360513997
15360514895
15360515865
15360516907
15360516972
15360517838
15360517931
15360518207
15360519086
15360519340
15360519525
15360519664
15360519708
15360520103
15360520132
15360520703
15360520815
15360520969
15360521416
15360521569
15360521785
15360522191
15360522583
15360522802
15360523623
15360523625
15360524039
15360525887
15360526223
15360526323
15360526720
15360526960
15360527262
15360527657
15360527691
15360528127
15360528128
15360528276
15360528496
15360528635
15360528687
15360528918
15360528993
15360529426
15360529729
15360529860
15360530501
15360530749
15360530824
15360530923
15360531152
15360531499
15360532283
15360532387
15360532861
15360532913
15360532916
15360533006
15360533301
15360533719
15360533942
15360533944
15360534154
15360534164
15360534545
15360534778
15360535126
15360535339
15360535705
15360535818
15360536643
15360536898
15360537490
15360537789
15360537819
15360537873
15360538128
15360538902
15360539052
15360539116
15360539590
15360539973
15360540564
15360541103
15360541315
15360541349
15360542701
15360542822
15360542880
15360543678
15360544718
15360544775
15360544966
15360545015
15360545144
15360545711
15360546018
15360546050
15360547383
15360547464
15360547513
15360547652
15360548050
15360549365
15360549575
15360550012
15360550019
15360550072
15360550200
15360550501
15360550585
15360551021
15360551412
15360551983
15360552030
15360553420
15360553946
15360554075
15360554512
15360555029
15360555167
15360555235
15360555239
15360556054
15360556138
15360556186
15360556258
15360556477
15360556591
15360556838
15360557126
15360557555
15360558724
15360559609
15360559774
15360560055
15360560122
15360560187
15360560524
15360560995
15360561283
15360562780
15360562897
15360563202
15360563269
15360563319
15360564089
15360564897
15360565010
15360565015
15360565137
15360565215
15360565708
15360565911
15360566338
15360566388
15360566429
15360566855
15360567328
15360567819
15360567928
15360568763
15360570006
15360570303
15360571288
15360571447
15360571975
15360572027
15360572035
15360572069
15360572589
15360572863
15360573186
15360573375
15360574231
15360574928
15360575156
15360575780
15360576052
15360576114
15360576583
15360577293
15360578341
15360578705
15360578823
15360578976
15360579437
15360579696
15360579983
15360580198
15360580218
15360581037
15360581310
15360581455
15360581988
15360582217
15360582757
15360583929
15360584724
15360585015
15360585791
15360585982
15360585996
15360586008
15360586417
15360586529
15360586795
15360587059
15360587705
15360587866
15360588124
15360588345
15360588481
15360588598
15360589133
15360589152
15360589223
15360589564
15360589582
15360590912
15360591026
15360591103
15360591301
15360591332
15360591586
15360591616
15360591623
15360592313
15360592521
15360593362
15360594503
15360595226
15360595276
15360595756
15360595789
15360596610
15360597267
15360597986
15360598058
15360598229
15360598535
15360599237
15360599433
15360599534
15360599901
15360600417
15360600818
15360600870
15360601692
15360601717
15360602220
15360602227
15360602659
15360603288
15360604069
15360604142
15360604710
15360604976
15360606088
15360606640
15360608017
15360608318
15360608986
15360609131
15360609533
15360609655
15360610159
15360610625
15360611187
15360611520
15360611799
15360611820
15360612829
15360613271
15360615234
15360615569
15360615712
15360616017
15360616352
15360616726
15360616852
15360617107
15360617379
15360617857
15360617965
15360618216
15360618346
15360618398
15360618479
15360618691
15360618809
15360619165
15360619166
15360619394
15360620057
15360621225
15360621303
15360621519
15360621677
15360622013
15360622232
15360622393
15360622739
15360623370
15360623835
15360623998
15360624598
15360625512
15360625795
15360625867
15360626081
15360626207
15360626258
15360626508
15360626634
15360626876
15360626892
15360627652
15360627976
15360628158
15360628649
15360628699
15360629560
15360630045
15360630337
15360630511
15360630514
15360630986
15360631882
15360632133
15360632138
15360632369
15360632646
15360633226
15360633389
15360633593
15360633626
15360633771
15360635042
15360635884
15360635896
15360636261
15360638220
15360638541
15360639189
15360639328
15360640425
15360641960
15360642500
15360642816
15360643576
15360643786
15360643832
15360644558
15360646113
15360646281
15360646625
15360646706
15360647128
15360647194
15360648169
15360649589
15360649787
15360649980
15360650009
15360650052
15360650391
15360650889
15360652569
15360652748
15360652935
15360653879
15360655050
15360655071
15360655427
15360655613
15360655651
15360655780
15360655816
15360656069
15360656172
15360656204
15360656227
15360656669
15360657794
15360660391
15360660686
15360661567
15360661789
15360662577
15360662800
15360662896
15360663877
15360665037
15360665082
15360665121
15360666609
15360666928
15360667248
15360667795
15360668171
15360669376
15360669623
15360669919
15360669999
15360670262
15360670553
15360671207
15360671665
15360671932
15360672945
15360673247
15360673696
15360674785
15360676083
15360676496
15360676703
15360676718
15360676914
15360677109
15360677548
15360677619
15360677786
15360677814
15360678469
15360678552
15360678579
15360679036
15360679529
15360679686
15360679751
15360680099
15360680319
15360680760
15360682318
15360683812
15360683979
15360686032
15360686073
15360686287
15360686635
15360686643
15360686680
15360687127
15360687128
15360687159
15360687650
15360687975
15360687991
15360688226
15360688548
15360688567
15360688630
15360688736
15360689621
15360689725
15360689946
15360690013
15360690700
15360691013
15360691539
15360692029
15360693100
15360693403
15360693744
15360693808
15360693995
15360694128
15360694673
15360694806
15360695609
15360696011
15360696839
15360696989
15360697010
15360697139
15360697241
15360697950
15360698012
15360698025
15360698185
15360699077
15360699132
15360699418
15360699692
15360700548
15360701158
15360701299
15360701323
15360701348
15360701396
15360701633
15360701725
15360701780
15360701817
15360701993
15360702259
15360702836
15360704368
15360704525
15360704681
15360705012
15360705200
15360706105
15360706335
15360706570
15360707270
15360707887
15360708029
15360708731
15360709298
15360709936
15360710546
15360710825
15360710893
15360711099
15360711669
15360711939
15360712068
15360712210
15360712527
15360712846
15360712901
15360713589
15360714046
15360714489
15360714810
15360714899
15360715205
15360715513
15360715849
15360716012
15360716137
15360717080
15360717146
15360717293
15360717889
15360718768
15360720005
15360720262
15360720849
15360720856
15360720957
15360721152
15360721683
15360721693
15360721911
15360723006
15360723056
15360723537
15360723678
15360723933
15360724182
15360724481
15360725182
15360725861
15360726027
15360726172
15360726465
15360726693
15360727783
15360728632
15360728757
15360728971
15360729505
15360730089
15360730122
15360730444
15360730923
15360731229
15360731421
15360731542
15360732005
15360732051
15360732161
15360732505
15360732617
15360733012
15360733062
15360733106
15360733146
15360733402
15360733759
15360733776
15360735178
15360735252
15360735456
15360736330
15360738217
15360739343
15360739917
15360739981
15360740131
15360740235
15360741082
15360741117
15360741178
15360744321
15360744429
15360744880
15360745011
15360745199
15360745243
15360745436
15360745569
15360746756
15360747245
15360747333
15360747345
15360747781
15360748359
15360748639
15360748976
15360749176
15360749741
15360750122
15360750168
15360750193
15360750581
15360750851
15360750949
15360750991
15360751260
15360751313
15360751508
15360751917
15360752318
15360752778
15360753038
15360753065
15360753066
15360755223
15360755326
15360755530
15360755859
15360756111
15360756600
15360756779
15360757100
15360757426
15360757671
15360758171
15360758435
15360758849
15360760238
15360760283
15360760362
15360760418
15360760691
15360761053
15360761089
15360761175
15360761569
15360761647
15360761832
15360761948
15360762102
15360762878
15360763335
15360765023
15360765038
15360765091
15360765355
15360765986
15360766181
15360766332
15360766625
15360766969
15360767013
15360767019
15360767066
15360767137
15360767436
15360768081
15360768171
15360768369
15360768535
15360768668
15360768772
15360768902
15360768935
15360769288
15360770051
15360770732
15360770807
15360771245
15360771403
15360771663
15360771980
15360772173
15360772308
15360772613
15360772834
15360773025
15360773102
15360773286
15360774173
15360774583
15360774809
15360775115
15360775215
15360775522
15360776206
15360776233
15360776505
15360776558
15360776590
15360777006
15360777405
15360777521
15360777607
15360777629
15360777791
15360777815
15360777930
15360777986
15360778188
15360778230
15360778498
15360778573
15360778616
15360778851
15360779207
15360779211
15360779489
15360779732
15360780062
15360780966
15360781672
15360781773
15360781993
15360782090
15360782539
15360782696
15360782900
15360782974
15360783316
15360785168
15360785423
15360785787
15360785902
15360787017
15360787182
15360787717
15360787785
15360787922
15360787961
15360788276
15360788352
15360788558
15360788850
15360788861
15360788865
15360789339
15360789739
15360789997
15360790511
15360790563
15360790846
15360791015
15360791142
15360791323
15360791410
15360791605
15360791876
15360792022
15360792136
15360792329
15360793130
15360793277
15360793350
15360793536
15360794081
15360795370
15360795597
15360795853
15360795933
15360795962
15360795972
15360796499
15360796621
15360796802
15360797432
15360797732
15360799025
15360799105
15360799453
15360799659
15360799709
15360800525
15360801131
15360801309
15360801683
15360802066
15360802449
15360802802
15360803119
15360803132
15360803211
15360803445
15360803512
15360803599
15360803732
15360804197
15360804684
15360805020
15360805161
15360805504
15360805523
15360805876
15360805889
15360806030
15360806550
15360806618
15360806726
15360806866
15360807445
15360807913
15360808511
15360809692
15360810036
15360810286
15360810572
15360810583
15360810592
15360811545
15360811707
15360811780
15360812119
15360813362
15360813689
15360813722
15360813923
15360814330
15360814600
15360814652
15360814801
15360814920
15360815086
15360815183
15360815219
15360815232
15360815312
15360816183
15360816877
15360816903
15360816982
15360817975
15360818232
15360818725
15360818807
15360819157
15360819232
15360819338
15360820162
15360820379
15360820880
15360821212
15360821565
15360822182
15360822338
15360822369
15360822647
15360822682
15360822942
15360823606
15360823851
15360823991
15360824711
15360824928
15360825159
15360825322
15360825858
15360826118
15360826190
15360827171
15360827260
15360827482
15360827525
15360827767
15360827809
15360828453
15360829033
15360829597
15360830483
15360830702
15360831533
15360831786
15360832173
15360832523
15360832571
15360832676
15360832954
15360832972
15360833991
15360834058
15360834986
15360835571
15360835671
15360835754
15360835776
15360836061
15360836163
15360836265
15360836419
15360836545
15360836578
15360837896
15360837991
15360838761
15360839139
15360840371
15360841249
15360841499
15360841519
15360841582
15360841739
15360841785
15360842005
15360842242
15360842390
15360842871
15360842892
15360843203
15360843207
15360843228
15360843279
15360843376
15360843383
15360843425
15360843430
15360843438
15360843527
15360846375
15360846698
15360847074
15360847241
15360847261
15360847375
15360847450
15360847955
15360848548
15360848590
15360849645
15360850371
15360850399
15360850627
15360851970
15360851972
15360852109
15360852353
15360853790
15360853905
15360854016
15360854059
15360854919
15360855492
15360855797
15360856192
15360856549
15360857613
15360857932
15360857979
15360858316
15360858343
15360858879
15360858896
15360859706
15360859745
15360859812
15360860455
15360861282
15360861378
15360861386
15360861472
15360861520
15360861691
15360862396
15360862450
15360862537
15360862914
15360863165
15360863246
15360863892
15360863913
15360865234
15360865329
15360865351
15360865683
15360866141
15360866371
15360866861
15360867091
15360867322
15360867618
15360867835
15360868567
15360868603
15360868627
15360868840
15360868890
15360869052
15360869103
15360869296
15360869373
15360869528
15360869705
15360870969
15360871348
15360872360
15360872413
15360872797
15360873272
15360873299
15360873382
15360873927
15360874200
15360874259
15360874552
15360875189
15360875220
15360875290
15360875502
15360875986
15360876275
15360876405
15360876901
15360877026
15360877197
15360877285
15360877575
15360877701
15360878386
15360878397
15360878658
15360878776
15360878791
15360879068
15360879330
15360879698
15360879963
15360880428
15360880628
15360880658
15360881109
15360881180
15360881397
15360881529
15360882118
15360882142
15360882167
15360882451
15360882688
15360883146
15360883691
15360884050
15360884112
15360884768
15360885713
15360886031
15360886109
15360886547
15360886958
15360887347
15360887669
15360888405
15360888502
15360889005
15360889195
15360889462
15360889687
15360890281
15360890616
15360891251
15360891539
15360891689
15360892327
15360892394
15360893522
15360893812
15360894059
15360894075
15360894724
15360894737
15360895129
15360895329
15360895655
15360896013
15360896179
15360896654
15360897399
15360897761
15360897887
15360898182
15360898619
15360899567
15360899633
15360899951
15360900045
15360900049
15360900229
15360900253
15360900425
15360900723
15360900725
15360900779
15360900802
15360900842
15360900887
15360901091
15360901129
15360901135
15360901326
15360901476
15360901617
15360901620
15360901835
15360901965
15360902276
15360902427
15360902560
15360902580
15360902862
15360902970
15360903047
15360903245
15360903248
15360903267
15360903330
15360903623
15360903778
15360903889
15360904722
15360904789
15360905054
15360905071
15360905085
15360905268
15360905343
15360905376
15360905532
15360905600
15360906433
15360906547
15360906574
15360906947
15360907268
15360907539
15360907724
15360908072
15360909098
15360909513
15360909621
15360909641
15360909929
15360909942
15360910019
15360910127
15360910242
15360910280
15360910336
15360910530
15360910660
15360910836
15360911004
15360911035
15360911235
15360911483
15360911816
15360911905
15360912035
15360912202
15360912248
15360912404
15360912416
15360912516
15360912548
15360913440
15360913519
15360913566
15360913822
15360913923
15360914476
15360914535
15360914880
15360915215
15360915395
15360915587
15360915750
15360916213
15360916262
15360916444
15360916529
15360916575
15360916858
15360917135
15360917281
15360917823
15360917909
15360918783
15360918925
15360919001
15360919060
15360919109
15360919717
15360919889
15360920170
15360920404
15360920507
15360920575
15360920673
15360920819
15360921099
15360921925
15360921932
15360922368
15360922527
15360922893
15360922965
15360923113
15360923308
15360923407
15360923419
15360923926
15360924286
15360925060
15360925869
15360926000
15360926074
15360926083
15360926100
15360928355
15360928584
15360928681
15360929118
15360929136
15360929143
15360929597
15360929826
15360929902
15360930216
15360930246
15360930319
15360930459
15360931117
15360931314
15360931619
15360931672
15360931676
15360931682
15360931782
15360932247
15360932297
15360932746
15360933105
15360933275
15360933329
15360933591
15360933836
15360933855
15360933945
15360934082
15360934088
15360935292
15360935436
15360935512
15360935892
15360935938
15360935982
15360936100
15360936131
15360936143
15360936330
15360936359
15360936992
15360937036
15360937765
15360937995
15360938226
15360938446
15360938626
15360938651
15360938864
15360939066
15360939253
15360939295
15360939329
15360939742
15360940324
15360940336
15360940798
15360941002
15360941020
15360941109
15360941176
15360941819
15360941993
15360942303
15360942725
15360942752
15360943232
15360943476
15360943583
15360944120
15360945636
15360945988
15360946316
15360946851
15360946898
15360946978
15360947056
15360947192
15360947274
15360947453
15360948636
15360948760
15360948799
15360948833
15360949422
15360949459
15360949860
15360949983
15360950586
15360951075
15360951111
15360951126
15360951135
15360951175
15360951649
15360951878
15360951918
15360952097
15360952177
15360952199
15360952373
15360952833
15360952893
15360953199
15360953653
15360953734
15360953741
15360953833
15360953878
15360953904
15360953995
15360954189
15360954875
15360955320
15360955622
15360956057
15360956176
15360956637
15360956873
15360956920
15360956942
15360957465
15360957497
15360957866
15360957893
15360958394
15360958507
15360958546
15360958954
15360959011
15360959829
15360959989
15360959999
15360960005
15360960320
15360960510
15360960596
15360960766
15360960896
15360960918
15360961180
15360961191
15360961208
15360962869
15360963599
15360963655
15360964270
15360964288
15360964536
15360964966
15360965456
15360965918
15360966198
15360966399
15360966851
15360966890
15360967513
15360968175
15360968509
15360968857
15360969305
15360969583
15360969605
15360969699
15360969786
15360969934
15360970076
15360970733
15360971283
15360971569
15360971629
15360971679
15360971739
15360972690
15360972801
15360972883
15360973035
15360973093
15360973293
15360973919
15360974360
15360974374
15360974616
15360975295
15360975631
15360975868
15360976293
15360976406
15360977459
15360977669
15360977736
15360977777
15360977894
15360978032
15360978139
15360978171
15360978321
15360978628
15360978758
15360978869
15360978966
15360979087
15360979129
15360979133
15360979389
15360979476
15360979596
15360979619
15360979750
15360979806
15360979841
15360980463
15360980500
15360980556
15360980723
15360980827
15360981017
15360981434
15360981566
15360981823
15360982427
15360982627
15360984380
15360984562
15360984811
15360986280
15360986568
15360986633
15360986651
15360986827
15360986846
15360987232
15360987333
15360987416
15360987538
15360987915
15360988386
15360988767
15360989099
15360989106
15360989206
15360989405
15360989459
15360989462
15360989765
15360989879
15360989966
15360990158
15360990341
15360990343
15360990806
15360990989
15360991669
15360991800
15360991825
15360991854
15360992287
15360992974
15360992986
15360993381
15360994116
15360994799
15360994816
15360994845
